   Eewald =       -2.1027929252573574
       EH =       12.6242911193843170
     Eloc =      -34.0924945606313585
      Enl =        2.2283657729876230
      Exc =       -4.3528359631797020
 Exc_core =        0.0650494059523428
       KE =        8.3648633998084136
-------------------------------------
     Etot =      -17.2655537509357231
