   Eewald =       -2.1027929252573574
       EH =       12.6242910941434001
     Eloc =      -34.0924945113294058
      Enl =        2.2283657545378097
      Exc =       -4.3528359581705303
 Exc_core =        0.0650494059523428
       KE =        8.3648633891876809
-------------------------------------
     Etot =      -17.2655537509360641
